function[xj,yj]= jumper(xref,yref)

rx1=0.5*[0 0.4022 0.9004 0.9852 0.9852 0.8561 0.6716 0.321 0.321 0];
ry1=0.5*[0  0.1655 0.3902 0.4662 0.598 0.6841 0.7669 0.8936 0.8936 1];
%0.483329961
xj = xref+rx1;
yj = yref+ry1;